1 0 1.00 0.99 0.98 0.97
2 0 1.00 0.99 0.99 0.98
3 0 1.00 1.00 0.99 0.99
4 0 1.00 1.00 1.00 0.99
5 0 1.00 1.00 1.00 1.00
6 0 1.00 1.00 0.96 1.00
7 1 0.97 1.00 0.98 1.00
8 1 0.98 1.00 0.99 1.00
9 3 0.91 0.90 0.89 1.00
10 3 0.91 0.94 0.93 1.00
11 3 0.91 0.93 0.93 1.00
12 3 0.94 0.92 0.91 1.00
13 3 0.94 0.90 0.90 1.00
14 3 0.93 0.88 0.87 1.00
15 3 0.79 0.85 0.85 1.00
16 3 0.74 0.81 0.81 1.00
17 3 0.68 0.70 0.70 1.00
18 3 0.68 0.67 0.67 1.00
19 3 0.60 0.55 0.55 1.00
20 3 0.66 0.63 0.63 1.00
21 3 0.70 0.61 0.61 1.00
22 3 0.73 0.65 0.65 1.00
23 3 0.69 0.68 0.68 1.00
24 3 0.73 0.68 0.68 1.00
25 3 0.76 0.74 0.74 1.00
26 3 0.75 0.69 0.69 1.00
27 3 0.74 0.69 0.69 1.00
28 3 0.71 0.67 0.67 1.00
29 3 0.75 0.73 0.73 1.00
30 3 0.79 0.68 0.68 1.00
31 3 0.74 0.68 0.68 1.00
32 3 0.65 0.65 0.65 1.00
33 3 0.63 0.61 0.61 1.00
34 3 0.64 0.58 0.58 1.00
35 3 0.62 0.63 0.63 1.00
36 3 0.58 0.57 0.57 1.00
37 3 0.69 0.65 0.65 1.00
38 3 0.67 0.69 0.69 1.00
39 3 0.65 0.70 0.70 1.00
40 3 0.67 0.72 0.72 1.00
41 3 0.74 0.77 0.77 1.00
42 3 0.75 0.78 0.78 1.00
43 3 0.82 0.81 0.81 1.00
44 3 0.75 0.79 0.79 1.00
45 3 0.79 0.76 0.76 1.00
46 3 0.77 0.75 0.75 1.00
47 3 0.80 0.76 0.76 1.00
48 3 0.76 0.69 0.69 1.00
49 3 0.70 0.68 0.68 1.00
50 3 0.65 0.64 0.64 1.00
51 3 0.69 0.61 0.61 1.00
52 3 0.70 0.64 0.64 1.00
53 3 0.80 0.74 0.74 1.00
54 3 0.77 0.67 0.67 1.00
55 3 0.74 0.70 0.70 1.00
56 3 0.77 0.69 0.69 1.00
57 3 0.81 0.72 0.72 1.00
58 3 0.83 0.68 0.68 1.00
59 3 0.85 0.67 0.67 1.00
60 3 0.78 0.67 0.67 1.00
61 3 0.86 0.68 0.68 1.00
62 3 0.81 0.66 0.66 1.00
63 3 0.81 0.62 0.62 1.00
64 3 0.76 0.58 0.58 1.00
65 3 0.84 0.57 0.57 1.00
66 3 0.85 0.52 0.52 1.00
67 3 0.85 0.60 0.60 1.00
68 3 0.76 0.63 0.63 1.00
69 3 0.70 0.57 0.57 1.00
70 3 0.77 0.66 0.66 1.00
71 3 0.78 0.70 0.70 1.00
72 3 0.78 0.65 0.65 1.00
73 3 0.75 0.64 0.64 1.00
74 3 0.70 0.56 0.56 1.00
75 3 0.68 0.60 0.60 1.00
76 3 0.76 0.64 0.64 1.00
77 3 0.76 0.66 0.66 1.00
78 3 0.75 0.73 0.73 1.00
79 3 0.79 0.76 0.76 1.00
80 3 0.78 0.72 0.72 1.00
81 3 0.67 0.69 0.69 1.00
82 3 0.69 0.70 0.70 1.00
83 3 0.66 0.67 0.67 1.00
84 3 0.80 0.66 0.66 1.00
85 3 0.75 0.66 0.66 1.00
86 3 0.70 0.70 0.70 1.00
87 3 0.71 0.71 0.71 1.00
88 3 0.79 0.67 0.67 1.00
89 3 0.85 0.72 0.72 1.00
90 3 0.89 0.79 0.79 1.00
91 3 0.81 0.72 0.72 1.00
92 3 0.74 0.69 0.69 1.00
93 3 0.59 0.56 0.56 1.00
1 0 1.00 0.99 0.98 0.97
2 0 1.00 0.99 0.99 0.98
3 0 1.00 1.00 0.99 0.99
4 0 1.00 1.00 1.00 0.99
5 0 1.00 1.00 1.00 1.00
6 0 1.00 1.00 0.96 1.00
7 1 0.97 1.00 0.98 1.00
8 1 0.98 1.00 0.99 1.00
9 3 0.91 0.90 0.89 1.00
10 3 0.91 0.94 0.93 1.00
11 3 0.91 0.93 0.93 1.00
12 3 0.94 0.92 0.91 1.00
13 3 0.94 0.90 0.90 1.00
14 3 0.93 0.88 0.87 1.00
15 3 0.79 0.85 0.85 1.00
16 3 0.74 0.81 0.81 1.00
17 3 0.69 0.70 0.70 1.00
18 3 0.70 0.70 0.70 1.00
19 3 0.74 0.68 0.68 1.00
20 3 0.67 0.65 0.65 1.00
21 3 0.75 0.67 0.67 1.00
22 3 0.71 0.62 0.62 1.00
23 3 0.72 0.69 0.69 1.00
24 3 0.79 0.72 0.72 1.00
25 3 0.81 0.76 0.76 1.00
26 3 0.81 0.80 0.80 1.00
27 3 0.82 0.84 0.84 1.00
28 3 0.79 0.76 0.76 1.00
29 3 0.74 0.75 0.75 1.00
30 3 0.70 0.69 0.69 1.00
31 3 0.67 0.65 0.65 1.00
32 3 0.69 0.62 0.62 1.00
33 3 0.61 0.51 0.51 1.00
34 3 0.59 0.59 0.59 1.00
35 3 0.71 0.71 0.71 1.00
36 3 0.73 0.74 0.74 1.00
37 3 0.71 0.75 0.75 1.00
38 3 0.73 0.71 0.71 1.00
39 3 0.75 0.71 0.71 1.00
40 3 0.78 0.70 0.70 1.00
41 3 0.74 0.63 0.63 1.00
42 3 0.76 0.62 0.62 1.00
43 3 0.74 0.59 0.59 1.00
44 3 0.69 0.60 0.60 1.00
45 3 0.68 0.66 0.66 1.00
46 3 0.68 0.70 0.70 1.00
47 3 0.70 0.69 0.69 1.00
48 3 0.69 0.67 0.67 1.00
49 3 0.74 0.77 0.77 1.00
50 3 0.74 0.80 0.80 1.00
51 3 0.72 0.79 0.79 1.00
52 3 0.72 0.77 0.77 1.00
53 3 0.71 0.76 0.76 1.00
54 3 0.71 0.70 0.70 1.00
55 3 0.72 0.69 0.69 1.00
56 3 0.77 0.72 0.72 1.00
57 3 0.72 0.67 0.67 1.00
58 3 0.81 0.63 0.65 1.00
59 3 0.80 0.66 0.67 1.00
60 3 0.75 0.68 0.68 1.00
61 3 0.67 0.72 0.73 1.00
62 3 0.67 0.72 0.73 1.00
63 3 0.69 0.73 0.73 1.00
64 3 0.72 0.75 0.75 1.00
65 3 0.65 0.67 0.67 1.00
66 3 0.60 0.61 0.61 1.00
67 3 0.66 0.66 0.66 1.00
68 3 0.69 0.70 0.70 1.00
69 3 0.69 0.75 0.75 1.00
70 3 0.63 0.66 0.66 1.00
71 3 0.63 0.66 0.66 1.00
72 3 0.65 0.67 0.67 1.00
73 3 0.74 0.64 0.64 1.00
74 3 0.77 0.68 0.68 1.00
75 3 0.70 0.68 0.68 1.00
76 3 0.65 0.69 0.69 1.00
77 3 0.70 0.68 0.68 1.00
78 3 0.60 0.61 0.61 1.00
79 3 0.64 0.64 0.64 1.00
80 3 0.67 0.65 0.65 1.00
81 3 0.69 0.61 0.61 1.00
82 3 0.64 0.57 0.57 1.00
83 3 0.63 0.64 0.64 1.00
84 3 0.68 0.73 0.73 1.00
85 3 0.72 0.72 0.72 1.00
86 3 0.71 0.68 0.68 1.00
87 3 0.80 0.72 0.72 1.00
88 3 0.75 0.78 0.78 1.00
89 3 0.66 0.79 0.79 1.00
90 3 0.73 0.78 0.78 1.00
91 3 0.73 0.75 0.75 1.00
92 3 0.79 0.77 0.77 1.00
93 3 0.73 0.66 0.66 1.00
94 3 0.62 0.59 0.59 1.00
95 3 0.59 0.64 0.64 1.00
96 3 0.67 0.63 0.63 1.00
97 3 0.68 0.64 0.64 1.00
98 3 0.67 0.59 0.59 1.00
99 3 0.67 0.65 0.65 1.00
100 3 0.75 0.69 0.69 1.00
101 3 0.73 0.64 0.64 1.00
102 3 0.78 0.64 0.64 1.00
103 3 0.83 0.66 0.66 1.00
104 3 0.84 0.76 0.76 1.00
105 3 0.84 0.76 0.76 1.00
106 3 0.81 0.72 0.72 1.00
107 3 0.65 0.59 0.59 1.00
108 3 0.74 0.75 0.75 1.00
109 3 0.81 0.77 0.77 1.00
110 3 0.72 0.70 0.70 1.00
111 3 0.80 0.69 0.69 1.00
112 3 0.81 0.72 0.72 1.00
113 3 0.85 0.79 0.79 1.00
114 3 0.91 0.83 0.83 1.00
115 3 0.82 0.78 0.78 1.00
116 3 0.84 0.81 0.81 1.00
117 3 0.85 0.89 0.89 1.00
118 3 0.78 0.80 0.80 1.00
119 3 0.77 0.68 0.68 1.00
120 3 0.86 0.81 0.81 1.00
